0.586264        -0.462175       0.665292        0
0.58614 0.808913        0.0454494       0
-0.559159       0.363346        0.745167        0
0       0       0       1
0.701078        0.438984        0.561938        2
-0.122016       -0.702548       0.701064        0
0.702562        -0.560064       -0.43897        0
0       0       0       1
1       0       0       0
0       0.894427        -0.447214       0
0       0.447214        0.894427        -2.23607
0       0       0       1
-1      0       0       0
0       -1      0       0
0       0       -1.002  -0.2002
0       0       1       0
400     0       0       400
0       400     0       400
0       0       1       0
0       0       0       1